
msaprobs

Longitud original de hmmsearch:
    2,194

Secuencias halladas en GTF:
    2,028

Secuencias no halladas en GTF:
    166

Secuencias halladas en GTF y con un solo representante por gen:
    1,161

Número de genes por TaxID:

     30 6565
     27 29159
     22 7739
     22 1735272
     17 7906
     15 2607531
     14 7957
     14 7757
     14 6579
     12 400727
     11 8010
     10 7936
     10 29144
      9 8078
      9 8040
      9 8019
      9 7962
      9 7913
      9 54343
      9 37003
      9 28829
      9 283035
      8 8022
      8 8018
      8 74940
      8 69293
      8 310915
      8 1250792
      8 118141
      7 8240
      7 8236
      7 8177
      7 8128
      7 8084
      7 8083
      7 63155
      7 47969
      7 417921
      7 34773
      7 33528
      7 310571
      7 2691554
      7 158456
      6 8364
      6 8267
      6 8245
      6 8168
      6 8167
      6 8103
      6 8081
      6 8023
      6 7950
      6 7888
      6 72105
      6 56716
      6 55291
      6 409849
      6 386614
      6 32473
      6 244447
      6 241271
      6 215358
      6 181472
      6 160734
      6 1606681
      6 1203425
      6 119488
      5 9940
      5 9925
      5 9860
      5 9612
      5 941984
      5 8469
      5 8049
      5 586833
      5 451745
      5 390379
      5 375764
      5 35005
      5 30732
      5 27794
      5 1574408
      5 113540
      4 9915
      4 9913
      4 9823
      4 9704
      4 9544
      4 8407
      4 8355
      4 8090
      4 8005
      4 7955
      4 7918
      4 7130
      4 7070
      4 59861
      4 52239
      4 42514
      4 419612
      4 38358
      4 36176
      4 307658
      4 30522
      4 29088
      4 161584
      4 13397
      4 109905
      4 106582
      4 105023
      3 9986
      3 9978
      3 9838
      3 9796
      3 9793
      3 9771
      3 9755
      3 9739
      3 9694
      3 9689
      3 9685
      3 9646
      3 9606
      3 9601
      3 9598
      3 9593
      3 9565
      3 9541
      3 9483
      3 9337
      3 9305
      3 9261
      3 9258
      3 89673
      3 89462
      3 8524
      3 8520
      3 8479
      3 8384
      3 80427
      3 79684
      3 74926
      3 7460
      3 7425
      3 7241
      3 7237
      3 7229
      3 72036
      3 7176
      3 7173
      3 7165
      3 7159
      3 7091
      3 64176
      3 61853
      3 61622
      3 61383
      3 61156
      3 59916
      3 591936
      3 494514
      3 452646
      3 45264
      3 43179
      3 42100
      3 396416
      3 38674
      3 37032
      3 37029
      3 36723
      3 35658
      3 343691
      3 33562
      3 32260
      3 30608
      3 30331
      3 30066
      3 28377
      3 2817044
      3 27675
      3 260615
      3 2015173
      3 191870
      3 1825980
      3 13616
      3 1047088
      3 10117
      3 10116
      3 10093
      3 10090
      3 10089
      3 10042
      3 10041
      3 10029
      2 93934
      2 9244
      2 91951
      2 91739
      2 9157
      2 9103
      2 8996
      2 8962
      2 8884
      2 8869
      2 8839
      2 87175
      2 84834
      2 8030
      2 7245
      2 7243
      2 7240
      2 7238
      2 7227
      2 7226
      2 7217
      2 7167
      2 7111
      2 6941
      2 684658
      2 6687
      2 59894
      2 59729
      2 543639
      2 52904
      2 45807
      2 41139
      2 40157
      2 34903
      2 34632
      2 34506
      2 33412
      2 32391
      2 30213
      2 30195
      2 30069
      2 30019
      2 296741
      2 28584
      2 2489341
      2 219594
      2 195615
      2 189513
      2 1518534
      2 1486046
      2 148594
      2 13686
      2 13146
      2 13037
      2 129105
      2 120794
      2 1196302
      2 116150
      2 108931
      1 9031
      1 7994
      1 7719
      1 7029
      1 43146
      1 35525
