6565
6579
6687
6941
7029
7070
7091
7111
7130
7159
7167
7173
7176
7217
7226
7227
7229
7237
7238
7240
7241
7243
7245
7425
7460
7719
7737
7739
7757
7888
7906
7913
7918
7936
7950
7955
7957
7962
8005
8010
8018
8019
8022
8023
8030
8040
8049
8078
8081
8083
8084
8090
8103
8128
8167
8168
8177
8236
8240
8245
8267
8355
8364
8384
8407
8469
8478
8520
8524
8839
8869
8884
8996
9031
9103
9157
9244
9258
9261
9305
9337
9483
9541
9544
9565
9595
9598
9601
9606
9615
9646
9685
9689
9694
9704
9739
9755
9771
9793
9796
9823
9838
9860
9913
9915
9925
9940
9978
9986
10029
10041
10089
10090
10093
10116
10117
13146
13397
13616
13686
27675
27794
28377
28584
28829
29088
29144
29159
30019
30066
30069
30195
30213
30331
30522
30608
30732
31138
32260
32391
32473
33412
33528
33562
34506
34632
34773
35005
35525
35658
36176
36723
37003
37029
37032
38358
38674
41139
42100
42514
43146
43179
47969
52239
52904
54343
55291
56716
59729
59861
59894
59916
61156
61383
61622
61853
63155
64176
72036
72105
74926
74940
79684
80427
84834
87175
89462
89673
91739
91951
93934
105023
106582
108931
109905
113540
116150
118141
119488
120794
129105
148594
158456
160734
161584
180454
181472
189513
191870
195615
215358
219594
223781
230844
241271
244447
260615
278856
283035
286419
296741
299123
307658
310571
310915
343691
375764
386614
390379
396416
400727
409849
417921
419612
451745
452646
481459
494514
543639
586833
591936
684658
941984
1047088
1094192
1196302
1203425
1250792
1486046
1518534
1574408
1606681
1735272
1825980
2015173
2489341
2607531
2691554
2817044
